# This file may be used to create an environment using:
# $ conda create --name <env> --file <this file>
# platform: win-64
ca-certificates=2021.5.30=h5b45459_0
click=8.0.1=py38haa244fe_0
colorama=0.4.4=pyh9f0ad1d_0
dataclasses=0.8=pyhc8e2a94_3
flask=2.0.2=pyhd8ed1ab_0
gunicorn=20.1.0=pypi_0
imbalanced-learn=0.8.1=pypi_0
imblearn=0.0=pypi_0
intel-openmp=2021.3.0=h57928b3_3372
itsdangerous=2.0.1=pyhd8ed1ab_0
jinja2=3.0.1=pyhd8ed1ab_0
joblib=1.0.1=pyhd8ed1ab_0
libblas=3.9.0=11_win64_mkl
libcblas=3.9.0=11_win64_mkl
liblapack=3.9.0=11_win64_mkl
m2w64-gcc-libgfortran=5.3.0=6
m2w64-gcc-libs=5.3.0=7
m2w64-gcc-libs-core=5.3.0=7
m2w64-gmp=6.1.0=2
m2w64-libwinpthread-git=5.0.0.4634.697f757=2
markupsafe=2.0.1=py38h294d835_0
mkl=2021.3.0=hb70f87d_564
msys2-conda-epoch=20160418=1
numpy=1.21.2=py38h089cfbf_0
openssl=1.1.1l=h8ffe710_0
pandas=1.3.3=py38h5d928e2_0
pip=21.2.4=pyhd8ed1ab_0
python=3.8.5=h60c2a47_9_cpython
python-dateutil=2.8.2=pyhd8ed1ab_0
python_abi=3.8=2_cp38
pytz=2021.3=pyhd8ed1ab_0
scikit-learn=1.0=py38h8224a6f_1
scipy=1.7.1=py38ha1292f7_0
setuptools=58.0.4=py38haa244fe_2
six=1.16.0=pyh6c4a22f_0
sqlite=3.36.0=h8ffe710_2
tbb=2021.3.0=h2d74725_0
threadpoolctl=3.0.0=pyh8a188c0_0
ucrt=10.0.20348.0=h57928b3_0
vc=14.2=hb210afc_5
vs2015_runtime=14.29.30037=h902a5da_5
werkzeug=2.0.1=pyhd8ed1ab_0
wheel=0.37.0=pyhd8ed1ab_1
